3888
4818
3927
2541
5507
4664
7733
1090
4348
155
2303
8458
4955
8021
347
1111
986
4811
3962
6266
1693
2277
6823
5308
9164
9906
109
4616
2781
2080
3049
6908
8347
7109
9587
7781
7682
9356
4010
6401
4726
1994
8699
9522
7838
7905
8720
8000
2658
3773
1649
5815
2216
7857
2049
6370
6109
8130
6778
5192
6026
1777
4073
9802
9536
3012
2757
4183
5541
4513
1897
3701
6757
2668
1405
5204
5537
9774
186
801
8913
3112
9468
6752
5214
4294
690
945
188
3329
3361
7356
3313
4469
1281
6272
3623
6233
5181
9855
6694
474
6575
1351
4536
9785
184
1344
2736
9017
5016
4957
3764
3172
1604
3720
2656
7972
8968
3497
1767
7190
791
9064
6607
9176
2781
8488
5580
1734
6478
7333
8008
9528
8876
7800
7240
7265
7498
5889
1112
3108
590
8311
5092
3385
2148
8158
8650
8221
1034
1582
4486
3005
187
1372
5225
9732
76
8793
1763
8694
7230
9424
8864
453
9440
4684
8392
9717
2464
8786
4296
8577
6238
3970
6050
6858
7146
9971
4962
320
4145
3014
3265
5088
436
7443
5780
3057
6191
1842
5914
6434
5590
7078
1630
3295
9596
2577
2971
7420
3177
8896
4868
7636
1771
7058
1877
7959
7671
3919
5469
5874
6269
573
8452
8203
3468
5319
1180
5214
8762
6810
4930
7283
5943
6754
8703
1054
7278
890
2004
2788
6065
4475
4029
7204
9227
894
8557
5827
5028
1552
4012
915
8660
6280
116
4658
9756
8310
9079
2608
939
9159
9621
9472
8917
7373
7860
5062
7891
7650
1287
821
4098
35
8167
6194
2579
8045
2521
8570
9464
6495
3913
6646
5652
1628
1707
5834
6623
2748
8993
6081
4746
3890
8484
6377
2550
7742
5769
3227
3549
4060
4772
2153
2075
4701
9868
8250
4561
2852
1721
5986
217
5239
7533
7764
2807
4921
3160
7955
5009
6821
8657
3918
9997
5327
2901
3011
8850
4973
6584
1605
1829
8464
9463
9545
5151
1145
9845
3012
1398
6
6971
6547
4214
9781
916
8713
2068
9802
4567
4412
3565
4190
1089
6136
2259
3266
5523
3660
2820
7648
5122
8545
4676
4398
8858
9565
4307
4445
5346
5172
4392
4826
2476
9040
1928
8734
7963
7663
9172
389
7542
199
9703
6457
7549
7136
2103
3377
2343
1757
3705
4520
6656
1900
8470
6862
5519
6375
5480
2041
8703
6936
2546
595
4727
5475
1655
715
7813
5697
2403
4007
9852
2627
5502
2851
4180
1856
4334
6252
7373
755
320
6376
2655
5026
9985
7541
6776
7116
2111
7001
2358
5903
709
5943
7775
9264
2165
9276
9373
6126
2908
6489
9534
8661
680
4368
9039
6293
3216
6848
7489
3961
2101
510
5609
4146
8866
9934
7316
9463
6577
9157
9704
8828
1878
8338
5371
7349
7523
7091
5962
6096
9368
4714
1399
3022
975
5457
8026
6496
7111
672
9301
856
3339
4703
5843
7347
1921
3855
3392
1022
9621
327
759
5532
2624
651
9919
3784
2591
925
4009
3541
2013
8788
7942
4628
6317
7391
1175
2842
1215
9590
5249
4271
2843
6490
2927
7460
2365
6197
7131
8197
7621
548
9446
8075
1531
7816
5384
4040
5012
1369
8490
2528
4788
3495
7283
1569
6442
3732
381
194
9839
9605
4719
4889
3274
7234
5788
9657
8641
4365
5549
7060
1479
8443
869
7596
2137
5262
6100
8031
1948
5579
5865
2650
4208
2097
1832
947
2010
7964
8620
5184
452
3812
2298
1020
5202
3914
7653
3819
1419
593
6782
9291
9332
8503
9256
4793
2262
5880
6561
1914
1076
8122
4208
7313
8377
3759
436
5010
7875
9302
1491
9598
1098
8462
3180
2402
3285
4336
8524
9768
6519
9417
9293
1203
1650
5603
511
5322
3953
9666
7780
5072
4931
6621
6203
1769
4158
9912
8791
6867
3736
4952
1144
809
9190
9897
3116
5934
4788
1946
1873
4364
3022
5503
9452
9615
8630
9969
4054
7580
4126
7460
2905
4845
8617
2366
5910
6391
9355
3808
3149
2458
9803
1516
9016
5300
2516
6933
7337
9110
1322
6149
5527
4988
8490
6589
2734
9140
546
2159
1082
5407
771
4157
9163
2321
9664
3749
3955
8807
8972
3647
3622
383
6555
729
6911
847
7713
7844
355
4278
333
3718
4416
6750
1109
4001
2836
9270
6267
323
2798
5584
9186
9049
7189
4606
417
7572
7998
5181
8623
5971
1055
1829
6773
9988
6801
1926
1073
3411
154
327
5207
8021
7981
8818
3540
7499
7593
6648
9718
8983
944
1235
9491
5179
1241
4262
5776
4878
8944
9719
2596
6377
2153
8702
8101
1100
4401
4513
3042
1558
1757
518
2591
5440
710
7080
8552
3322
3029
1534
1432
7721
1610
4278
8814
6710
2500
9641
4121
896
8129
2867
8744
3183
3406
973
6197
574
7387
3327
9366
3606
4802
2287
5382
7469
4699
7637
8277
4713
9697
6040
5925
8232
4164
5147
8975
8992
7383
5389
643
4217
8172
237
9376
9999
1503
1198
4082
5375
7310
5517
9626
717
7019
4837
5036
3899
837
650
9916
9767
1809
3063
7090
7193
7217
5830
2161
885
8229
3932
7197
7449
921
2953
4335
3469
8987
7563
1413
7212
5824
8748
9635
6422
3762
0
8802
5399
331
6270
6138
5182
4058
2982
6098
5510
3760
6132
1805
3992
7904
3514
6184
9740
8956
5751
8588
3230
4917
1459
1006
8644
8316
4561
5470
5056
3331
5608
9863
4541
384
1291
9851
1712
2649
4462
5420
624
7396
8
420
6151
8044
9461
5577
1463
8032
2460
5118
753
9310
4794
9294
7850
2872
6700
5315
6515
7203
2131
8518
3
9980
5670
5270
2438
315
9609
3243
9917
4350
4111
5750
8414
8500
2751
9987
4266
9486
3891
4614
3696
2706
9891
9253
4468
5195
1060
6926
3223
8011
7385
9141
105
7822
8596
716
6540
4062
1729
81
4235
1233
7850
4717
7519
4585
2567
4017
172
3759
9203
702
5573
8082
150
524
4990
1645
3638
9106
7516
3900
1442
7247
6233
1163
8870
3736
8802
5784
2381
7342
7271
7170
8169
1427
6249
3234
949
93
4463
5618
4230
9287
9223
4470
7186
3556
9740
1028
497
9355
4791
4438
6442
8183
7959
5826
7950
5041
9794
1874
5141
3778
6904
8240
433
2308
3210
2734
2551
841
2530
5167
9570
6280
465
8652
6003
590
6453
7232
9194
1980
9818
6365
5082
7953
743
1741
6182
9149
5178
3106
816
7661
3453
5467
5052
3921
7312
7483
6821
8065
3378
4933
3834
8075
3981
9517
9240
5305
2749
1141
8041
693
2790
7149
4311
7700
255
2975
6845
9533
8623
4729
6077
7799
8602
3028
7977
8740
5807
2181
7460
5744
396
137
1603
7703
42
8208
7677
64
8188
949
5777
5738
6625
1281
6072
7824
7817
9148
2283
5856
9249
638
1911
9419
1986
9587
6613
5530
4336
9217
8675
8885
2281
1721
9103
8840
1340
4861
1697
5045
6539
7149
9560
8344
3703
2639
3071
3875
3623
6158
4786
8758
5695
7271
7691
5776
1919
3298
2035
3249
8500
5048
8869
34
7474
2037
3531
8329
5443
5306
1681
2743
523
6412
6290
4861
5601
6060
4784
2835
7123
8712
1751
2039
3177
6097
7388
3326
558
337
2119
5734
6834
4966
8630
7676
1408
35
8050
1809
9473
5733
5264
8939
8520
207
5863
6461
6802
3398
1911
3381
409
1838
7597
2096
8061
3318
8648
2005
6810
6327
1494
1998
4606
2701
9375
4593
9027
6658
6241
4386
6565
2254
909
2528
1573
6343
1635
6270
9879
4734
63
6531
4789
6592
2678
3254
9622
9395
2133
4608
8032
916
5205
4728
3989
6785
8995
3314
450
5211
3147
9307
8941
5167
2284
9100
4247
9577
5542
5004
3848
7910
8760
8744
9785
7095
3774
7426
9373
3418
6073
2086
5140
719
1001
2299
5773
7729
5806
7824
8225
1006
4358
1407
5388
7071
165
5454
6634
9718
9753
1621
8253
8748
3535
9251
9627
2642
86
3028
9094
6364
9852
8838
7899
2639
2098
8706
6375
6746
6632
7403
7183
4803
2922
4180
9965
3053
5083
7724
9739
3395
9266
6626
6781
8750
6993
9480
2891
8044
4827
1936
1573
3740
7819
3356
3896
9023
8192
3259
5711
5829
2853
5583
6498
5179
8045
2188
1486
6747
2607
7142
7925
8228
813
1251
54
7703
1196
7113
2416
7708
3025
3644
9657
7488
4096
9881
20
279
4691
1945
5992
9650
9946
173
2061
4938
598
9817
4540
3669
4981
9762
1651
1403
8078
4051
6999
6832
6700
484
6540
6898
643
8343
1217
3037
9065
967
5857
3683
6137
1138
8290
3467
2551
9692
6917
1068
4178
8108
720
6464
3265
3099
7006
4718
2125
7572
4535
8987
9707
678
7278
2115
8191
5846
6039
2537
3564
1456
5912
5202
1947
2628
3055
2674
7511
7675
1594
5678
4895
9069
9499
9432
6716
4162
434
2665
518
4283
4198
6910
643
4875
648
2472
7921
4425
5148
2704
6009
7688
6520
6002
1057
7461
5867
7518
6558
5442
9336
3160
116
4299
5287
594
5870
7981
8211
788
152
1076
8856
7941
5754
6092
5748
1162
4151
7714
4391
8504
7509
3478
6021
8790
3153
8463
644
5392
6451
1221
6088
4447
1098
593
6033
1983
9465
4065
4521
2654
4164
5564
8716
6538
5055
4495
7317
7347
7491
8641
5549
226
5686
2652
2466
8777
6402
1265
7875
4215
4862
9521
9035
4308
4187
5391
4785
8227
6931
4583
1953
3704
9857
4742
4067
4196
1976
6951
5630
8442
4340
9348
3911
5219
7510
1543
6664
8013
3998
4712
1980
1758
474
3207
3
9267
2361
4203
2598
3472
516
6362
2990
2398
3957
5451
8566
3970
8593
7055
8279
9049
2696
6864
7827
9790
423
4324
956
8831
9623
9615
3453
4641
6488
9066
5180
3174
9590
9356
1519
7133
8864
7988
9662
1029
4099
5217
3
2797
8431
969
4572
5844
7348
7580
4833
4055
7330
6862
7955
8309
110
2291
9509
1198
2709
2424
909
5385
3112
8874
595
9389
5782
1595
8532
7130
3767
9050
678
7042
8193
1612
8337
6957
2981
1830
701
2096
2203
351
225
7954
5901
8318
4723
3826
8104
8452
1884
3473
6973
9204
6236
261
4778
8969
8881
9141
9755
4951
6663
6450
7917
6820
4492
1097
4501
7380
3410
3303
4297
3538
6501
1747
6254
6098
6041
2502
8494
5974
3811
3232
4286
783
2644
7261
6725
4068
5439
5780
4672
5543
9738
554
4838
1760
9244
7875
166
470
2705
8859
8869
1645
1201
4371
9330
7696
5343
6669
7463
9036
2404
605
2438
2146
8986
1740
6741
6552
7110
8509
3276
6561
9974
1386
6353
8749
6602
7988
8814
8599
2933
8862
8399
372
2200
9913
237
2454
1249
4472
2965
4214
311
6653
5937
9084
5518
2633
6199
68
7925
1621
7790
40
5327
1056
6256
3130
5470
440
8736
2358
8468
6164
3837
7788
4751
5981
2869
1574
5457
8368
6632
2411
2338
328
4237
5533
6280
5309
5042
4629
8166
4454
3655
227
1228
982
6213
5005
4760
3257
3644
4847
5515
1315
1282
3206
1462
9026
7791
4829
8379
2878
2664
283
8708
1030
4726
9420
8015
1890
3772
9099
3623
7335
3080
2563
7820
4331
9493
6632
9489
2187
529
3313
3199
6003
3483
4420
8357
2771
8814
3239
5706
7333
219
7496
1535
3501
457
3005
6837
8722
7482
1485
3508
6847
5485
9705
5328
2677
8599
7720
3348
9642
1191
6713
7337
1771
9668
4544
7661
2721
4424
1735
145
6100
8790
7607
6000
7196
2930
793
4225
1240
5660
8031
1716
4198
3515
8222
9681
2525
7215
9923
5465
6755
6590
941
532
9016
2583
6427
4828
671
5729
5485
5209
406
9169
8371
1510
3558
2512
5777
415
8434
1107
6768
6341
7991
1332
8736
6371
30
5253
1777
8764
5954
2427
9781
503
364
5189
8811
5127
354
3656
4624
8451
840
4145
7646
9421
6167
4869
8791
6232
1624
2315
8636
5642
7162
3417
7110
9554
544
5798
6118
6233
6601
5168
9846
9327
2376
4435
8644
728
2540
3795
2568
4702
3059
3387
4081
1820
4354
3692
4322
2469
6787
3974
2280
8952
8966
4123
8846
8761
6218
2673
3461
1976
7981
5796
6334
2374
2704
6307
573
6517
8725
7963
33
9283
4215
3099
2007
6128
9629
1457
8260
9940
2826
5703
5396
2379
7092
2539
2790
3859
2325
6862
98
9380
3779
2970
1707
4417
9015
4135
3901
2416
2172
480
2633
7269
2318
7245
1423
383
2299
9494
8713
676
7893
2344
6356
4413
5006
8194
3934
9978
8334
6705
5291
2620
8806
5631
1186
6903
8597
1025
8544
6602
3661
9106
5074
3294
1150
3265
418
9797
8931
1514
9519
8394
544
5684
2814
1168
9518
4613
4814
2945
2820
7822
2703
7511
8027
6001
3701
5564
1693
6277
5705
6343
3096
1338
1099
9393
6731
7064
1557
338
3999
3771
2033
1569
1940
5471
5937
6310
4386
2546
6591
3254
8225
7127
1970
6712
633
5070
612
2801
1925
3105
4022
28
7338
6286
9491
9552
2322
3007
4983
7630
9366
44
3168
167
2396
6159
5785
4850
1634
21
1329
3883
5281
5625
9247
6109
3011
9171
2939
5607
4298
1938
8221
6058
1118
9439
1518
9537
6206
3551
7343
7192
1801
9988
7408
5407
2286
1905
2526
8536
9734
6121
1747
9295
1548
5416
7431
2962
3588
2942
636
4351
3398
1423
9795
2844
9690
7836
9365
5844
761
1804
7205
7857
3266
1384
8563
4444
6666
4100
9187
6455
2811
763
7790
9314
4936
192
421
1337
7450
262
9840
5159
9125
7288
813
6814
772
7980
5712
8170
6652
2331
8602
9019
8171
447
7421
3230
9401
8173
3157
1508
644
5121
2572
8469
6522
4604
8057
4416
5598
2737
6640
3518
6440
6182
120
5926
3381
5512
9810
8669
5342
8192
143
8187
4262
5994
677
7888
7731
1159
5563
4752
4841
8783
3897
5949
5843
1610
2808
7668
9026
1748
2130
3177
5626
5891
6311
565
357
7014
2406
2036
3075
415
4022
7255
2330
2913
5342
4587
9601
4441
2993
2863
2743
1180
4037
9513
5662
6925
2411
1445
744
6490
3359
6899
6040
6676
6329
4607
8461
5507
2026
1622
4388
9937
7370
1589
9433
2474
7001
9940
7440
1828
7648
5924
1883
5195
7452
7043
8301
4389
6988
5567
1255
8232
6137
902
7884
2924
5819
2543
1048
8516
6237
5370
8298
9110
1345
7979
9193
3626
5531
3779
6794
254
2594
1077
6430
713
7037
4175
4845
5133
9691
3235
2436
7455
241
8238
1411
4442
1125
3058
9412
7184
581
2992
7643
8003
7944
6647
3799
6366
9928
7387
5197
4756
9093
5591
1038
7484
9007
2816
2871
3200
3341
9482
5793
8061
7981
3045
5631
9020
2661
9021
6330
96
8177
5061
4965
7460
6509
3259
6521
7630
1798
4112
4734
9655
8242
3997
9166
4328
8296
2898
5723
1884
5619
7665
8183
7263
8057
7290
8461
1116
906
35
9206
5900
34
232
77
7452
5188
158
2200
3953
5625
2056
6971
8608
4305
2630
4803
1536
3956
4661
5310
9066
8176
3068
8457
3698
575
188
7783
9085
931
7116
2295
27
6339
6395
1068
4501
5383
9079
2473
632
9116
5289
332
5284
3960
6693
5682
1184
2997
3584
6775
1573
7433
3489
5215
2343
4652
7902
3768
3679
1367
1068
1885
4166
9332
849
7432
1177
9118
6494
8306
3419
507
9767
9511
9144
1117
4449
2939
3138
7390
413
4398
9733
9604
2512
3302
2033
4539
4647
1182
5986
7771
9100
3556
3239
4087
4061
1394
5568
412
9247
2252
2605
2590
8380
5337
8622
7865
8274
7190
3090
3841
3675
8150
7942
9186
5639
8790
7723
7571
3306
7863
5562
1277
9289
7904
5271
7814
9823
5433
105
9570
7069
8868
8604
2136
7003
9709
3995
5205
332
7488
6107
3868
8714
6375
7847
1747
8744
1105
284
2794
9939
4807
7609
5087
4993
2886
5584
2644
6826
7774
1723
9723
2203
2775
4855
6566
1937
3652
785
8305
7389
1329
9419
7802
2471
922
3487
8941
420
7
441
4095
3184
5232
6638
7134
5214
7884
9630
9748
6744
9401
7393
9541
5751
6567
3081
8059
3521
2145
7269
4498
3769
3503
8615
1609
5330
1929
415
4577
2244
3541
5417
956
1693
5693
9838
2412
2179
2857
1655
4130
1267
1650
5304
6853
2894
2272
36
3298
7170
8852
4886
3429
8488
3476
3346
166
551
186
8986
4961
8120
8393
1693
4621
3964
9363
8029
5395
8102
8799
2974
8287
3756
6036
8173
7512
5627
534
7355
726
982
6062
862
247
1965
7146
5046
2872
1821
2953
6745
8787
5830
2643
7932
8703
7107
4409
7315
2666
2316
391
5522
8572
7244
2364
1145
8549
6567
1969
371
9505
4048
4669
9169
3597
5371
7631
4577
8491
5132
6091
3388
2474
6817
8018
4343
2179
170
2971
9967
532
2423
7187
2436
2853
7870
4024
3016
1503
9712
5789
9932
5668
9401
4104
4551
9707
5397
2186
6631
9102
8052
2393
2689
2357
8809
3469
1971
3697
7813
4200
2846
9087
1069
5729
498
2753
4140
8873
3643
3158
310
1242
1920
439
2645
8521
2525
3897
6994
6504
3911
1116
4141
118
9840
7499
4851
2032
3723
7088
7227
5369
2942
78
292
6278
7556
520
8724
9289
764
8805
7248
8761
1711
4893
9649
6052
9322
9842
4879
3143
5797
1674
1088
1357
6812
8834
2959
9254
9087
1875
2913
4890
6883
3420
8976
4909
9352
5304
7644
6063
6286
49
4736
3274
9649
3058
7472
6967
7372
5103
3859
1002
25
2951
7380
9650
5865
1266
1496
2933
7939
4202
4568
5169
732
7404
9526
9734
8815
1183
9698
6223
7011
1028
5648
9223
6828
9714
4312
7206
6888
5372
1968
4943
819
8138
4713
6609
5741
7834
4475
2650
629
6432
3453
321
8267
8809
7354
5030
4472
6743
9233
8782
7602
4099
8998
2634
6893
9436
6518
3078
6814
3276
583
2897
7265
3619
151
3373
1614
7703
9420
5244
319
4637
894
8074
1058
658
6768
6693
2060
3067
1532
6062
6231
6319
2208
9098
4086
8441
6261
8297
8357
6116
6480
7727
1341
6854
7564
8342
1621
4333
9720
8998
8815
4348
219
3413
1919
6296
3465
2701
1073
526
8972
9737
4192
8673
5227
295
7908
9629
718
204
138
559
7205
4731
1343
253
1565
715
9213
7104
2944
3367
5387
7828
4666
1811
2470
4574
4655
7069
9013
4380
3147
1264
8447
491
5230
8581
3025
6105
5236
6441
2015
1005
5101
247
2172
4782
833
582
7666
6632
6997
3741
3532
4191
749
912
2796
9716
1560
6968
3070
6535
513
8417
4679
4034
9844
1907
7966
3172
8209
3463
4217
8228
851
6848
6516
6521
4203
9027
4100
9665
1865
5419
4237
443
4284
8479
7925
2230
9435
5406
492
4890
554
1752
2335
5806
4530
8125
8549
7363
2625
6868
4280
7973
5212
1606
508
6879
8381
4020
561
9692
4822
2717
2519
4551
5163
6739
1118
5938
3889
4192
8699
7000
690
597
6771
3717
6129
7804
3657
1304
302
1580
6966
9943
710
1561
1629
7827
5271
5945
3
3939
1836
9605
9403
843
5658
2010
2625
3534
6509
9397
7811
9732
937
4096
4395
5730
1146
7282
3614
9828
9509
3821
5532
2554
460
3080
4322
8051
5053
5397
9577
1756
1118
8029
8213
5051
2328
9622
6002
8791
433
4418
7507
9448
7868
6851
6284
1251
3885
1994
443
7012
1048
7838
6528
6607
859
2576
5410
8378
3488
6496
2879
9340
2053
4560
6618
9657
5458
7204
9981
4376
5005
8624
1367
6743
8306
2494
3965
7745
8456
4396
5215
8918
2049
534
6322
9712
1367
2565
6360
7166
9180
5432
7617
394
3486
8828
7588
9382
9722
1463
9887
2969
8678
4880
2637
9879
8465
9844
8379
7008
2661
465
3824
4869
1771
2876
7380
6062
8663
7205
7006
2563
5823
4450
2579
4347
3872
254
2153
8242
1785
9077
8165
1754
4939
2590
2435
6013
979
468
8269
4106
2023
9185
1962
3946
1575
9158
713
4862
6000
2701
461
9856
231
5735
8492
8776
1040
5615
5275
5656
391
1052
253
9394
4402
5464
3766
6297
8208
9758
948
9442
7938
7301
4317
5077
1031
239
5483
4277
4080
4825
5394
4262
3422
3597
4422
1955
234
3118
7957
7549
8331
4813
1807
2892
9359
3606
9484
1509
2580
6752
9758
8252
3487
2730
4066
6165
6640
3655
3368
9086
2915
2924
8193
3056
1263
4066
3508
3407
2509
904
2458
7880
7447
4342
3041
6205
1015
1020
8575
1451
9962
4281
5975
4404
9853
9800
7435
5535
780
6946
6579
9841
7139
2389
2089
1243
2667
9800
1808
8205
4507
4009
4509
5995
4115
1984
1502
1098
7375
2322
1066
7417
4889
5594
8366
7116
3475
6434
3965
62
6197
8309
639
8073
2566
7996
9905
9684
5648
3655
2636
9047
1049
6404
7570
6129
1747
1211
8610
90
8970
5413
5888
6796
7457
946
2268
8204
2884
6846
1478
6525
5726
9808
554
4222
5575
4070
4374
6464
4231
863
1820
2216
5359
8792
58
9998
4243
280
4568
4406
4400
4273
5971
2648
2109
9193
2793
9448
2489
2059
7438
4167
4692
581
7953
7587
7026
5566
5576
5998
4057
3661
6676
8109
6799
2084
9372
8224
2630
3160
1386
179
7842
5116
3008
9670
6043
6766
2765
2305
84
8721
8183
4700
3405
5176
7907
1239
3486
8678
8374
4655
5525
7622
9311
3058
6901
6246
6213
5297
6761
4059
6995
3390
895
6978
6080
3340
938
8248
3784
2014
1590
436
9632
4948
1317
4301
8083
8253
2394
925
5698
2448
8994
8429
3983
2449
7183
5395
9287
5294
5199
1657
2413
5010
6643
1115
2441
4179
1835
3055
5891
2910
7210
7017
6379
3532
4782
9060
5722
7139
9745
8750
6742
2255
3199
1988
2641
774
3444
7032
3407
9580
8308
6028
6194
2243
1126
4363
8714
4511
4048
9941
136
7430
6182
7876
583
2632
6905
7245
7502
9886
2270
3798
2027
7256
6157
8246
4083
3579
7370
1086
856
2778
1378
2886
5434
4650
7185
9338
5597
7428
4227
4502
655
2158
2687
3605
4549
5288
7364
8063
3438
5301
6794
6377
491
2435
2524
4245
2913
250
7050
9059
6615
9805
7360
6391
9013
3692
4229
5623
1108
8723
735
4901
7128
7945
9812
9818
2255
9615
9180
8707
4886
169
6978
6299
9077
9084
4754
8683
1580
8351
1337
3325
8416
5720
3009
7048
6739
2797
6326
7664
3617
9628
3752
4245
3529
6287
8276
403
1020
6442
7627
4828
9515
960
6335
2286
7922
4348
1323
3477
3363
8363
8926
8877
5513
698
7901
719
9032
3561
7018
5830
4513
1770
6583
1358
2550
9303
30
6770
2489
923
1145
3054
8352
6510
6252
6269
5975
5855
5368
7534
6976
7161
5055
833
8914
2486
8679
5071
7309
5262
9779
1619
514
4144
523
9995
8825
7363
1664
5489
6999
7933
9228
5482
2694
5948
6121
9199
8044
4733
5719
3099
8858
4089
6117
2090
8154
8389
6799
6529
1967
7015
6325
5623
6105
3584
2754
5648
3671
1369
1210
6194
5694
6213
8687
9133
2226
4815
9024
6136
8350
6461
4671
1248
6360
8621
6602
9480
6106
8805
8722
1365
9679
9968
4334
7364
3391
256
1717
5503
1863
5355
9783
5973
5106
9124
772
3661
6212
4075
4458
8182
4983
2707
996
2681
3093
3978
3503
7478
645
2085
3629
1163
3532
8120
8763
8400
8162
5355
3805
5238
4295
1868
9486
118
50
9941
6148
5288
1624
4297
7484
5915
1005
5004
2042
2410
7029
4997
6106
4361
2594
5894
4758
3845
8614
9120
5334
2751
5443
5583
3319
6002
5872
5956
3190
2582
3289
8389
7461
9056
8523
6130
9988
7223
2144
7071
8133
7418
5204
6571
5157
1632
8862
7919
7961
8237
86
4260
320
762
5846
9349
6162
86
3978
2206
1269
6097
92
95
2572
4744
8777
851
9621
9891
9405
8273
8173
7060
7084
3372
9539
2985
373
8272
1930
7207
3938
5898
3324
2514
1924
2920
5478
6326
6535
1084
9304
6290
5069
911
8727
6636
4121
7446
2821
4719
5442
1685
6519
6336
4891
2627
427
2939
1303
5223
6440
4747
3686
3861
7385
884
3976
9933
2152
4536
9645
5915
6643
2502
6544
1282
6081
6883
6783
87
8615
5091
4233
6655
2824
5067
3622
1718
3911
5695
9597
5033
6719
3822
5020
517
7639
4424
6066
9547
9641
2619
3381
2884
5817
8295
1476
7572
6348
3444
8755
5527
6718
2302
9510
1265
767
5154
9398
6054
1136
2373
1133
7981
3681
1748
1227
9171
7351
7917
4146
6202
9957
940
4874
258
6363
6314
826
7357
2972
4937
3831
6075
2505
3538
1857
7709
275
9707
8962
1699
5031
7057
6646
5580
8746
4691
5004
2724
9380
5602
4082
7820
3809
158
6806
2972
6180
3635
3986
4197
4108
4996
6642
807
7738
9853
4535
5826
2665
1411
4633
2732
1258
7572
8665
7779
5257
5941
3983
7740
7884
3520
5325
3181
3989
4914
14
802
291
4980
2613
2171
9015
5337
8466
4804
3777
9589
2297
5224
8529
8268
5402
4293
5305
8558
4447
4255
694
8308
3578
7878
6422
1290
4620
1997
3919
4295
7379
2706
3607
2871
1489
7111
698
821
9325
8879
9749
3760
1239
4368
4985
4202
1461
6495
2217
256
9061
4294
4470
9618
6208
2069
5950
9566
3022
2497
1156
6495
878
4573
2991
7699
3263
2215
7671
3015
6112
6598
7732
2162
7918
4642
2959
3813
1858
5309
5691
5290
1286
970
3954
2754
9400
4515
5890
424
1300
9165
8521
5266
8099
9417
1178
5231
6350
5877
7692
55
8929
3903
1087
4171
2272
2593
8139
7876
2376
8744
5125
4219
7596
8473
5612
6622
2018
894
7515
370
8210
4141
3752
6098
9676
6510
4049
4181
3880
8553
6094
9855
6880
8326
6733
6162
650
2465
2880
3937
9153
4541
9998
8912
2890
2825
7421
8972
4773
8883
9188
1123
1104
4613
7418
7496
6859
9435
6906
8637
5880
4409
628
1538
6281
176
2060
7381
15
7175
6238
542
8264
3005
3177
8044
4171
6779
3648
7764
721
5777
5679
3370
9057
2191
4868
4943
9246
5369
2270
4573
6966
3854
5905
8503
5327
7827
4237
85
754
9879
7597
6527
2225
8401
6719
2010
1808
2149
5169
9225
2455
5378
6996
6893
4843
1205
5704
1667
8618
1467
5086
30
2184
4924
4681
4412
4641
8452
7747
7611
623
1927
3282
8183
4065
5346
4370
5039
9986
8279
8638
2776
9853
1669
6577
350
9217
9045
1579
7448
3906
5615
7068
2315
9952
3264
1574
5094
7360
5567
35
5845
5003
4088
9999
3447
1547
6491
3075
6686
4484
2960
2442
589
8506
4278
8069
8576
7625
4744
2978
8987
5941
4158
8571
8813
5542
7521
6286
4289
838
2524
5579
1096
117
647
9104
3103
339
2251
9634
873
8627
5345
5691
2343
548
8460
891
6389
9299
2820
351
1185
3475
9301
4044
5788
6682
3906
604
5216
6302
6016
6492
8240
1298
1409
7011
9850
1114
1175
5126
1961
3250
572
1750
1330
8063
4179
2788
1847
3160
8014
2516
1649
2126
5708
9096
8662
9919
6964
9531
5710
4979
1398
6650
8503
6888
1540
7971
4538
5047
3996
3298
3958
8997
7347
1612
4491
9998
5855
9144
8098
2055
3540
3637
5547
7921
5699
9531
5277
5564
6046
6533
111
3369
3181
7524
4900
2169
3001
4978
4879
3113
4439
2398
3801
5799
3803
646
5677
4214
4902
7305
3156
5608
1233
3417
101
841
4906
7500
5732
596
8482
5429
5330
8202
6160
3648
6482
3294
1926
2795
4510
2336
2112
7568
3898
8079
2192
9891
6336
6295
3348
3243
9101
4838
6467
9580
8792
701
9605
7959
9879
4200
7448
4039
7764
459
4900
5751
7218
7963
8987
9993
4468
7375
8305
1286
8946
7516
3774
6081
6366
6903
6124
9328
5357
1366
5824
3955
2429
9716
4361
3436
4609
5166
4580
9218
8804
9607
4643
6002
7560
311
8805
5003
9482
5981
8571
4295
2022
2656
9037
8065
2850
3841
9251
8529
7018
2628
9006
4826
5794
5045
1578
8773
56
8262
7302
1770
3501
8403
6374
9882
2396
6881
8668
8179
3538
7965
8729
1263
2986
7520
9413
435
897
9799
2950
1861
8010
3053
6278
3969
5843
1915
9357
1204
7392
3422
3206
8933
8056
2202
1577
3826
7718
6913
4222
6926
5421
5244
4335
8630
7311
3234
2111
5115
8210
1632
9982
3816
1092
7948
6998
446
4161
5236
5513
2170
6336
3749
69
7779
4195
4070
8959
3746
7974
690
3899
580
5853
3988
1306
6492
2914
8850
6879
3332
3884
1482
4417
1376
6616
6746
2986
2378
6007
9855
1348
4881
4158
1341
9063
5868
3944
9125
5396
9799
1883
5838
4880
6877
8906
2538
5839
5112
8489
8522
1190
1690
3086
3182
1412
4330
5448
480
3106
1533
6098
9831
5818
574
1482
1064
3415
2583
4921
2697
9730
8333
5305
8795
4750
4155
5262
7541
8573
2293
503
4839
5419
8222
5368
5804
2524
2972
245
2001
6779
4696
3973
3421
2912
4399
6430
6602
3161
4501
6989
6882
5136
1621
7776
8419
1412
4915
5209
3077
379
3950
9278
9815
6938
161
2146
8429
1034
7449
1897
5768
2547
6736
5805
82
9251
9135
2716
9134
9940
1267
9696
4489
9319
5582
9938
8159
2900
7527
2209
1200
4860
6211
5063
9889
5281
3129
7255
1620
4972
1906
1538
6317
8953
5294
9543
5125
8269
6662
7899
4797
9155
7621
1607
3229
9700
8510
8875
7692
5880
6133
1459
3394
177
8130
7741
6807
6340
2509
455
1489
3845
4602
7703
2164
7569
1324
2870
1440
341
6707
3872
1651
1739
8992
4820
3336
5969
3109
723
6050
7487
9348
4830
304
4758
1980
6670
5227
5694
9400
9042
244
3101
9013
3517
8208
481
5130
9546
3323
4704
409
1390
5046
4489
5742
7115
1736
3782
5818
1922
1808
9482
9042
4507
920
3563
305
3425
5101
5551
4177
2260
6372
3275
1117
1353
3214
529
7853
3503
8874
7096
771
2707
2025
116
3962
7813
5369
185
1021
7418
8578
3652
6134
7304
2330
2523
2297
6699
9860
1446
2003
8445
651
6083
8281
7304
3260
636
7923
1288
91
5424
2247
4542
2752
2828
8906
6915
6420
4447
1543
9592
3402
5758
2577
3609
9330
6466
6697
3832
1300
7290
5066
5713
1063
6397
637
3252
1791
6794
8913
7087
7455
4636
8418
4508
3505
587
9766
5677
6421
4705
7326
2153
8364
5117
8795
3636
8398
5378
5065
1410
2018
2173
8896
8811
5638
1590
3825
6288
8933
1802
9997
2512
6064
791
8804
6740
8931
2883
3342
8578
2658
2541
540
6190
7527
6422
8305
2864
6531
9162
1654
2987
2727
7852
5276
4271
7602
2807
1783
8842
9697
5929
1561
9709
8989
7345
7052
7169
7431
121
9188
3969
8722
1831
2257
9259
5411
8056
9844
8491
9947
893
1843
5284
8456
4918
9094
9240
9479
9796
9843
5267
427
7316
8146
5677
622
8757
8925
982
575
7131
1993
1952
9824
7829
6887
894
5980
2335
8494
3741
8862
9165
454
949
6691
3956
2507
206
8193
4349
3891
4004
4518
3238
3674
9239
2061
906
4523
5488
4190
425
1710
1392
1676
479
7773
1059
4949
2106
5561
6597
7682
7112
2509
9497
6457
1440
6375
902
2068
7895
9737
8017
4759
8181
9547
1431
6419
5724
6944
1120
3075
1493
3230
4546
2822
7823
2099
8119
4316
1031
2410
798
9206
6682
990
9720
4287
1830
873
8334
3799
5872
3827
9623
2178
3311
68
4901
1584
8969
1539
1224
4927
453
2683
1550
908
6686
2101
4922
5068
750
6181
6488
835
4219
2658
8984
2721
4391
5406
8093
7035
1555
293
7521
9628
7691
8169
2874
6525
1792
3395
6666
3453
256
4599
6722
6358
1994
7211
257
8810
2995
2400
948
1909
9890
5675
2161
6502
4942
5753
3388
9668
4315
1890
2039
8180
6989
3084
8133
5898
3200
3177
3459
2997
729
5512
3928
8081
3988
8581
6264
6363
673
4091
7064
4442
6152
7709
8976
6770
2427
9688
7163
3984
777
7986
6516
9576
7110
4403
7647
5248
3531
2432
3361
5879
2275
8268
6491
1839
6503
9592
9002
6237
9917
6361
9902
8834
2591
7245
9767
1139
6092
8969
4858
5695
1496
5103
3961
5360
8328
7120
8243
5143
5373
4423
9717
1078
4831
7373
4768
3896
3935
2474
120
193
7556
6997
1273
3907
9712
8259
6939
5180
7319
511
6276
2990
6900
3472
618
2535
4439
8312
2077
2521
5604
1879
7090
2299
73
4547
3902
3408
1163
7115
6028
745
9318
7328
3975
2513
2965
2694
4139
1336
7766
8472
8194
7902
4539
5832
3008
9317
1104
971
5168
7157
5052
3013
7534
5422
1456
6279
5306
4890
4182
3486
6602
7446
6304
9420
7557
9266
5539
2293
5764
1122
9932
9127
6697
8342
7132
540
1343
8459
8971
6427
5922
3656
6691
7885
7342
6799
1088
4856
9260
7557
5055
863
1523
3418
1043
8614
2697
8877
2360
4349
2534
8567
3376
8283
4176
3807
7870
9494
6697
6862
5463
3912
1696
4254
917
8694
6197
5438
2737
9781
2864
9477
6002
3345
6049
5552
4098
6193
8702
6664
3102
4466
7094
8695
2540
7198
6653
5435
2101
9798
4053
2657
4373
4228
4528
9887
2291
8794
7033
4653
5446
4605
1625
3873
5477
1857
6180
6499
4310
9381
1633
8747
1787
6578
208
5342
6837
5209
8990
4904
2403
6582
3109
9851
3679
2010
3970
4533
7227
7125
7764
3977
4666
4305
3878
6631
4856
3702
2898
8587
3488
1500
6635
9000
392
4628
499
9589
2043
5140
4069
3887
1563
8464
629
7872
1564
8931
5391
6057
1200
8849
4365
7245
8037
5929
6372
9818
1450
1492
5059
14
4046
5763
8257
3951
2189
960
3635
1788
5971
3861
1091
8287
1638
9211
2100
8223
7045
5369
6759
2083
6469
8895
8765
5596
1850
1998
5167
3539
4550
8039
6430
5289
3858
112
9781
4787
1659
3421
5470
2013
6768
1375
1386
1648
6315
5976
638
9349
2579
9128
6886
421
2769
435
4203
7981
6059
4409
6492
9763
238
3908
9132
4535
4773
1868
5871
6366
7070
4453
6221
8586
1673
1732
2995
2086
4096
1908
3737
3942
1397
5646
5940
2687
9350
4015
1459
5778
4070
733
5228
7714
8179
4500
4261
4791
5120
503
4835
9425
7711
9304
320
6167
7045
6263
3790
3666
9074
7769
9612
3416
3811
6436
5784
8172
5836
8330
4716
3853
7318
4634
6876
6256
5626
5025
5659
9698
697
6828
5167
8825
7768
8096
1289
5300
756
994
8185
1358
4726
6855
9241
3540
4553
6897
1081
6880
7260
7314
4231
6080
7026
1131
6740
2353
7155
7076
2554
6689
1093
8187
5768
7126
7980
4635
1718
694
6636
1060
7490
2175
7917
5811
2549
6188
2421
6015
2328
3406
206
1819
7726
5414
8712
7552
6738
5954
9621
8115
8961
1016
1301
888
1524
4169
571
2256
757
9704
4905
8095
4962
6807
984
3240
2729
4259
3714
1787
2208
1875
5994
3565
7137
2334
6841
4922
1738
3553
3113
7364
8445
9813
4111
6374
5315
774
9873
3833
1703
5009
9972
7051
5784
7046
2949
5799
4635
3689
9511
5691
3574
4234
8980
718
5492
576
1807
9779
1360
4693
8157
1981
959
933
3184
2654
4134
1758
1830
8913
6382
6672
7908
4759
8548
683
965
5526
1981
202
6953
8737
9167
93
8607
4611
1456
4632
1367
4147
3343
95
8944
3968
7008
423
5338
7807
6427
839
3301
9960
5330
6048
5167
3300
4305
9974
4952
3986
694
8292
3330
5265
5962
8771
1330
8409
5357
978
4681
7647
5108
4440
2312
2028
528
6364
3193
2349
1595
8129
8971
9751
2473
1367
3146
927
1745
1812
6723
3565
7594
6076
6001
8513
4342
8978
345
2168
4744
8013
7958
4140
7512
9214
9972
2013
767
8654
1496
5594
3935
457
6592
1731
5747
957
1790
2609
1481
1328
7144
1109
504
7372
221
5982
5886
6048
8363
8434
5418
7401
7284
2465
4570
1263
9279
9716
2534
3156
1276
5049
5073
4599
9814
5489
3982
5374
209
474
5445
3839
8126
3431
9832
5996
3849
2586
2938
4584
7268
6631
5351
645
8957
3090
229
6049
2281
5872
427
9151
7247
9765
9685
9881
4531
2836
6559
184
6443
9408
2777
5777
4032
8489
8623
3168
4263
4298
7831
4111
7443
3994
4906
5170
4996
4224
9107
7294
2834
5890
44
4967
280
1335
7278
6071
7389
3285
6588
4701
906
57
1452
3169
1352
2179
6288
8923
4517
1421
7049
465
1797
1848
9807
6551
5280
7783
5345
9753
5576
7088
8608
6932
3236
5240
1995
5397
6798
4191
1566
6556
7218
8476
3989
1720
907
1699
555
6612
2172
9290
4419
1416
4669
2361
8891
3667
809
5050
1890
1072
1573
4555
9637
7164
5560
1814
1405
9854
5620
2118
8748
7463
8028
105
453
9488
3499
7245
3826
3804
7667
7487
7890
9193
4399
4775
4305
2043
4678
1494
2845
474
3285
414
5413
9133
3503
8508
3908
1863
97
8138
3991
7799
5829
6313
860
8771
794
2306
2939
7451
5163
860
9105
6595
8789
5138
99
5764
1339
5859
6223
1271
2218
6330
9436
2734
6348
1130
4730
5620
853
1214
4128
8780
2617
1191
5017
6188
6536
6412
4014
9011
1034
8287
5272
8395
6218
692
5320
1195
4905
2692
3399
2297
3188
7779
5609
9284
2633
5636
9706
8725
1551
429
4659
5800
6062
5067
7702
5319
9045
3818
7551
7855
4329
3132
8881
5237
9324
732
6152
5706
2665
4678
6303
7152
5395
3610
3255
224
2700
590
712
1014
165
5359
7037
7731
1968
4282
8372
296
659
967
9392
5551
1982
8589
8370
9648
3481
4259
5747
626
2544
6393
2648
6840
6663
7398
3195
3667
4375
3751
2766
5887
8608
1701
8076
8784
3069
7024
9538
8202
3878
2430
6836
8219
7548
7773
7051
9440
8966
1326
9492
2279
8021
7443
5225
1967
7149
3195
1696
7843
1707
7503
7660
5089
7871
5711
7146
4865
7914
9841
5333
2203
7495
9138
3345
1299
1404
4967
7245
9603
2793
2121
6691
1483
9423
4831
7319
4166
7555
3
753
4986
875
3250
3400
5277
5357
7487
8659
2867
2813
2610
2056
8417
6815
1650
6277
679
8743
421
5589
6566
2064
4464
4302
7531
1239
5455
8805
4526
7506
1548
4460
9450
100
3803
1016
5182
2337
4935
8969
9762
3937
2497
7022
7125
4568
1948
7932
5624
8519
8139
376
363
7899
8218
2641
3826
7564
6846
9077
8072
9131
6036
4426
1695
8648
5349
1979
5636
9888
3456
8995
1189
7781
7858
5327
6939
8322
742
4899
9053
5533
944
4181
3174
1519
8281
879
7406
2904
9794
8772
6267
3569
6596
5326
3748
2872
6806
1408
815
8815
7143
9091
3678
3024
6925
417
9722
4404
575
2212
5342
4302
484
3354
3386
7401
5256
8291
8206
8799
2504
7660
451
5732
3266
1979
3867
3071
7602
3747
9337
4473
438
9865
2627
3967
5005
8076
5652
9273
9724
7892
3683
3219
6697
1579
6776
1805
1813
6574
900
804
902
5601
7889
1004
675
76
7956
3788
4832
3643
1052
3021
7029
1594
677
8597
9534
2899
1250
2725
1769
434
3654
1660
1766
1300
3084
3385
3453
8
9512
7641
2096
8821
7090
5465
3446
9508
3131
5019
6815
6152
5979
3156
7387
7195
2724
4719
7979
7375
8744
8478
6841
9152
2259
8422
7244
2693
4849
8260
1038
2598
9341
1196
729
8872
1982
3844
800
8343
5733
9949
9197
8523
1227
7033
7668
8119
1654
1106
2170
2581
224
5181
5351
8799
9180
117
1194
8341
2774
4200
2010
4654
976
4059
4336
189
751
6434
6072
1270
298
3502
7208
2624
4535
8270
7532
7624
6353
3521
7546
1639
1492
6616
8001
5048
4553
8869
6363
4462
6965
705
3558
7232
5776
9240
5294
6837
4723
7190
5955
4847
4629
240
524
623
730
4287
5233
2668
4013
7533
5714
5934
4226
2084
2258
6688
2681
1668
5488
9161
3836
3663
4685
1676
1531
8998
2873
9223
5122
675
958
1805
6191
8556
7668
2328
2587
724
4829
6757
5224
5695
3551
6534
5060
5830
1554
8475
2057
6489
4308
4844
1365
7130
8113
4963
4132
3339
7503
8960
4272
8322
9195
2902
9880
6075
7715
3754
2399
7169
8591
9350
7876
1039
5485
2938
3077
6924
9254
301
2865
1388
5162
2415
5425
9973
6407
6050
9606
3779
569
9858
6753
8138
5559
4504
2672
4179
8002
1231
3994
1360
976
8936
5274
3
4248
5975
9271
3662
5184
7446
3715
2606
5539
6120
6293
8901
3827
3916
5454
6764
3530
9195
7067
9270
7146
4815
8855
3786
78
6698
4238
3031
2
9704
4648
7306
9718
8242
5809
4676
1319
2895
5332
2272
3652
6734
1517
393
8149
6819
5199
6841
3405
6449
8406
6683
9002
1760
2415
3183
8876
6324
9928
5629
9569
3881
4280
1343
6620
4300
1144
1412
7380
8954
1348
6854
4767
1817
7797
8636
5310
8993
6395
6331
2984
2592
4558
4213
6400
2718
491
1458
428
3637
1147
4960
8013
7222
4363
7487
9860
1927
1064
8679
4196
6745
1395
2036
5411
2122
6150
3331
4363
2542
3721
6051
7823
3475
1991
6090
385
8433
6951
1526
8604
1146
3187
6933
6519
2403
1982
7946
8796
3731
8698
3079
7662
5915
6286
3210
2626
5138
3972
5772
9805
9885
1032
3111
9414
5898
2950
9700
3580
6906
1185
5908
4492
4391
6574
3381
216
8933
9765
6376
6655
5798
8843
2318
4383
6276
178
6730
7955
734
6561
9841
1113
8788
2435
5727
2767
9472
8310
8176
37
8802
7281
5573
8078
715
9839
6216
8139
490
617
8793
1896
5191
6779
1124
4816
6301
6267
2245
1352
8158
8351
1802
7438
493
9400
2895
4898
2180
4977
3512
2276
9330
3257
2370
1391
9487
6751
2297
6382
3551
138
1402
5796
7132
2109
3643
7947
9584
1992
9245
8694
6502
6606
8701
1522
7299
9100
3572
8929
4825
9229
1102
1984
6358
8796
5849
6208
9894
9208
2586
6527
2136
5553
729
2499
4828
8383
1233
3028
1419
6527
268
2004
2419
1614
3227
5163
1628
3539
2062
5161
7814
8903
8356
3921
1096
9751
2422
3575
217
6951
1651
3528
9452
9352
5569
7052
6977
7260
1271
9248
5020
5318
4517
2033
3801
303
1280
2160
8510
5807
4076
5019
3585
7020
1530
1680
9984
5063
1739
5774
469
4888
9578
9880
7920
2065
5213
302
7490
3027
1423
1235
6135
2335
5403
6553
7781
6824
1930
6505
8522
797
2226
820
7004
4481
2399
3215
3725
4266
2765
112
9657
6409
7323
4343
1679
3028
1525
2529
2526
930
3372
9639
4378
6029
4350
1228
7843
5561
201
6703
3346
7068
5725
8762
8347
379
1358
9414
6517
5958
7824
75
9295
1071
8743
279
2177
68
7804
3019
1127
1318
9097
2920
8211
532
968
305
4162
9497
8531
9161
8881
3869
4448
5689
2374
5821
1862
5122
8328
5072
5920
8588
5175
3935
1847
8636
3010
4525
550
5917
8203
5355
8152
4944
1663
1820
9727
3777
8058
6058
3611
523
7376
4601
6890
6373
571
8481
9221
9325
3836
187
8432
171
112
9159
895
1165
8404
3775
93
8767
4113
3027
3425
328
4848
462
291
2910
850
1273
4058
3726
9261
7111
2838
4854
5749
9347
6270
6341
5523
7093
8434
7892
724
4756
160
4010
5769
397
5427
7689
2582
7506
6660
4001
2554
6402
2332
9164
7879
8607
8958
2475
9758
6581
1943
1230
7695
5576
1085
4788
8593
3702
2225
3160
4634
6635
1660
6896
6423
4041
172
8615
6294
1097
1107
3415
8252
3566
6684
5586
5671
1901
5444
4066
6617
5582
8671
7397
3955
3174
7727
8885
7272
6673
2349
2529
583
8269
3274
8672
4723
7976
711
8331
1398
191
6953
8063
4058
6818
1823
6273
8729
1911
3095
5558
5598
9031
8336
6500
6161
985
1069
2205
6504
4080
5672
6380
7099
3851
707
8406
3879
3980
1581
9086
8105
6768
1854
9649
5538
1248
3858
9258
8674
721
6096
6137
6319
9348
3825
5889
8177
2838
4729
3673
837
905
5207
6328
31
1680
5794
6900
653
3317
6867
8118
4941
7091
4626
3532
8951
1264
8873
9793
7843
8396
7188
1615
5948
8248
8994
5751
8373
8246
409
6522
634
3519
3136
8994
8458
9964
7714
5681
3442
3799
9911
9160
2539
6493
8853
1502
7734
3309
4635
1916
5722
4462
762
7899
911
4138
7649
4384
828
9018
485
8810
916
1258
6889
1289
4237
1863
988
9116
421
3352
3617
3238
8980
3716
7152
8560
3911
7998
4720
2174
3121
8390
925
775
5712
1902
4083
6643
7775
6900
614
6595
3551
9406
951
6533
210
4036
2505
1538
6891
7187
999
9881
1520
8802
1324
2223
4667
9533
6997
3730
2214
1541
8214
2492
4057
817
5758
5408
1022
4835
4574
6708
2478
4266
2787
7549
6178
401
9489
1781
3067
1663
1903
1507
550
2265
3123
7332
5347
3962
6028
652
1168
2142
9521
7358
3642
5370
8723
1964
1792
681
5177
7091
5245
808
4273
2490
1613
3606
5967
4744
5059
3647
3947
5666
7076
6136
9947
7632
993
5094
4252
1794
8943
6997
5302
2167
4312
1669
7018
894
8705
3630
2670
3827
8289
239
1063
8025
4022
3220
4852
9485
4749
4586
5016
9591
6972
3038
2651
3538
9512
9335
942
9686
3982
3432
1136
5038
3534
2003
3936
2539
3062
1515
8496
5986
7724
3373
6991
5188
6883
5578
3547
8209
3961
7620
864
8843
1605
1540
7420
5569
5578
4881
5661
1681
2440
6620
1704
9386
1821
2959
4391
3324
820
5239
6932
4342
1242
9278
5224
7477
8562
9778
3506
709
1069
7563
5970
9677
7620
9736
7898
9259
2587
5547
7893
3445
1383
7383
3250
1991
2259
5482
6708
6079
5031
8114
965
5327
2302
4255
7362
4330
7366
5540
8140
6565
394
968
7632
6790
5616
2689
8271
9701
6433
4998
9923
3787
5908
3423
3211
8972
1214
2041
5964
6773
658
6599
5097
3991
8473
1783
7377
2049
8797
508
9626
2214
8090
5725
9263
3744
9400
4733
5578
8427
1820
9778
432
7714
5670
4494
647
1609
2220
6153
5348
8271
5184
5989
201
7829
2061
6555
6093
2263
2183
9541
2073
7358
7139
9698
8756
8728
3795
6815
6220
1158
5019
1244
7025
1370
5293
2538
709
3294
2420
3498
9427
5683
9420
2118
3285
5833
9602
2317
1257
221
8528
8150
3264
3230
7279
5124
2300
3639
9210
8640
774
7413
9231
7808
1340
2404
7050
1359
3006
6818
6336
212
5709
7602
3474
7421
6159
8469
1804
8682
7167
4240
2197
758
7361
1239
6713
8616
4489
4663
731
2301
6680
706
1391
1297
4186
7082
6662
4902
707
7238
396
1257
9589
4980
9534
5649
428
9988
1899
7060
9044
3937
2233
696
3304
3221
2190
6400
1320
691
3615
5038
3226
2687
4
3592
2417
8432
7317
5950
7989
9617
841
5753
7242
7549
3390
4264
7101
1924
7799
1589
2069
4116
740
5798
3643
9451
7409
9215
7342
5307
630
4711
506
6617
4945
1190
6261
1795
9689
7371
6880
3750
2488
6586
3601
587
6449
2823
2164
4944
8006
7696
834
222
7364
4686
9517
4926
7974
1827
5464
8873
5508
7207
8111
5055
4036
911
4176
8115
7390
4722
9065
5262
3880
1663
2258
9112
8750
9193
9755
4347
5571
7830
6320
3817
3192
1873
1795
4264
8818
4939
3143
2041
3488
184
7859
7820
8717
3206
4490
6752
5246
4668
4382
266
7495
641
1906
9016
7443
3197
6371
1572
3739
658
8707
3319
3968
3196
5304
164
8517
4880
4476
7582
2490
640
5430
9900
6649
26
2945
5787
6344
173
3915
2619
960
4009
9334
2337
2793
8756
1690
7217
9551
8801
8993
8369
2261
5732
3853
774
8350
2804
4362
8062
2227
9
2491
6498
3353
6349
8732
6196
1956
7156
4533
8658
5254
6140
6445
2016
8885
4642
2078
6531
9452
1549
883
4167
2810
1075
7500
3600
9122
7736
4185
8741
4675
5714
4593
8868
4975
7161
365
1290
3911
5234
8891
5981
568
9053
5038
3583
8888
8052
9793
6267
1104
5679
9040
2284
8144
1523
5004
9304
1523
5040
8422
7450
6808
24
3251
8382
5103
4666
3815
7173
3042
7210
3379
4130
2230
1052
4442
9656
1909
1116
8956
4942
9541
2347
7567
4328
7513
9299
6407
693
6103
4215
5494
5096
5267
2063
4448
7499
7741
3614
1100
2095
4917
2024
4100
8006
7461
5294
9894
4608
3325
7660
944
4445
6443
9977
8441
5991
6825
4644
6606
9223
5369
5828
7975
3656
929
2701
9829
8724
4503
6996
1449
8371
1766
5841
536
2991
1948
8185
7529
382
3302
5998
5833
4792
9957
1611
8908
4645
2634
4274
5397
744
8186
7055
8240
1517
5339
9982
1488
2824
1229
614
8880
6755
9415
5390
4811
8589
4021
1246
6261
386
1381
1617
2179
7332
2110
350
2631
6258
9915
8647
8726
587
1074
4411
40
1905
9795
5829
6959
4440
6651
914
6149
5043
7273
1552
3437
9988
744
1608
8549
2305
1341
1091
2750
4286
66
2360
4457
7709
2123
5831
8217
1503
6500
319
17
3453
7092
9630
935
4897
7845
3790
1495
6896
1496
7909
1993
5984
6328
5596
8812
2077
751
1360
9119
4495
693
8032
9397
9128
3813
6929
882
8403
5598
1229
3398
3949
8564
9014
2585
8819
8603
9368
5077
8212
1127
8578
5514
2433
5917
6166
5267
8023
4889
7992
965
7902
236
8469
6045
5698
6422
5591
4037
8933
5905
4113
3437
4471
6461
9768
4210
3382
7966
2007
4985
2648
6163
3734
1032
990
733
8455
6574
7776
5476
5545
3254
7403
9528
5836
6061
177
2187
7806
1436
8822
8167
5592
3071
9260
6091
1136
6871
8410
3867
6593
9700
9154
1416
2364
5338
333
3965
5519
5425
2098
8955
2447
6631
3039
2954
4109
6169
4407
7681
4021
3752
6778
5430
4130
2767
6699
9214
3694
3179
6592
9397
5198
1972
3245
9571
4782
4742
5559
8423
2049
1735
4708
4597
6003
9769
5772
8398
302
5639
916
2939
3429
9371
5409
6765
615
7941
5425
6201
7557
9526
5455
9489
2183
2831
5924
294
9181
5776
2369
3780
2885
3352
4460
4786
2252
6573
3596
6468
3876
3203
2932
1735
9734
7382
7420
9985
5856
7864
3070
6790
725
6337
4508
5933
3149
7625
4254
3389
5276
2213
1247
1177
9191
8740
9712
9245
93
8670
9429
253
4091
3121
20
7122
8157
7166
9309
3444
8684
6544
5929
5573
4559
2552
5042
7817
3612
4024
2582
8806
6376
6903
1279
1704
7710
575
5821
1740
3650
7131
1003
3918
1631
9759
3333
4502
6074
6290
1769
6798
9687
8079
9586
3871
2646
3121
2610
3628
4132
1453
3073
6031
9916
9443
4014
8195
7542
5132
1996
4202
7196
2139
7158
6541
3652
1110
796
1663
2479
8670
573
6308
2628
4114
8588
3054
6185
4512
4535
8139
819
774
9616
5065
3102
2435
9674
475
7959
5060
9494
404
606
180
9125
9139
7397
1329
1329
8660
8847
4274
5257
9342
3517
2986
7360
7819
7815
6520
4807
7093
5786
3993
6680
4471
4140
8132
8867
608
8899
2770
8264
6702
3348
2838
7334
6246
1898
7643
6948
2248
2105
4958
8044
4131
7874
3699
466
954
6452
5249
8356
9230
8994
4623
6302
1828
5440
3349
608
5270
8157
4998
8351
539
824
2662
9413
4415
1452
9916
444
1352
5525
7608
3739
1074
5949
2751
6745
5795
8963
150
2203
3220
893
9819
5479
3827
258
7017
2516
1980
2349
2774
2984
8764
6129
1972
1169
8535
9629
5269
4538
8974
4079
6980
2038
8469
2510
2127
8873
5074
7023
5286
2177
1657
2789
2490
9767
18
7381
4268
1803
3426
1627
7533
1483
8482
5850
2841
9257
9294
2606
4665
443
8440
1347
355
7893
7902
7251
7368
4243
1943
504
5994
9826
3932
9350
9626
2932
7627
3889
8655
8957
9854
7836
7054
8639
3465
1535
9882
5323
6091
9071
9522
7052
6985
4428
6291
7678
2401
6488
5639
4706
7538
1976
5210
1095
4220
7138
7368
5069
2104
7319
9424
9211
4666
8066
144
4768
7856
6301
3713
308
8815
8825
8464
5965
6773
1338
9138
2775
5004
1253
8221
1298
5200
8673
8511
3274
8215
8460
5706
5520
7423
6827
7256
5724
1120
8616
9724
6142
4771
8411
3635
2931
3341
3892
8632
7792
2367
7859
910
6635
1
9213
8764
9996
5519
7147
3886
1856
499
5285
4116
7578
8002
9533
9789
3943
9574
331
829
2519
2552
2660
8119
9475
4900
6112
498
4717
9811
1683
5676
3291
9703
9283
9883
1460
8673
4312
1858
3659
3120
4204
5694
904
1529
2239
6393
7457
4758
4905
5329
9109
4584
2197
1286
2871
8443
3820
9693
96
1728
8659
5978
3497
3077
6866
2391
9163
4377
2887
6881
2685
7334
1465
508
6865
2514
5562
7038
6275
1957
841
69
3951
242
325
3866
8796
5975
8663
1067
627
8971
3357
676
1010
3272
2704
9386
4812
5939
6323
8294
890
6218
6606
3528
8498
5588
631
1889
9730
9523
3699
1273
6737
7962
3028
323
5158
3282
5325
3762
1310
4416
5895
4029
5736
3551
4529
1213
268
1500
4953
4732
2848
8443
6917
3091
5267
5733
648
8534
8407
9866
2935
8009
7851
7747
9025
8043
5354
4699
1647
8487
9178
7546
2026
7520
1668
5294
5858
4066
5927
2738
3094
2781
1336
6163
3240
7640
868
9052
9476
7312
5102
4288
4663
1614
2387
5850
7208
6700
3732
1424
312
8309
6079
9586
350
3134
6858
1143
7596
3041
7452
2138
4741
4628
3166
4638
2885
924
2580
8448
1485
7548
1203
747
5790
6187
8349
8044
1757
3503
1701
6057
9464
6368
805
5961
5713
6959
1412
5894
1915
7028
7017
7005
2868
8897
3187
573
1966
6860
4015
321
1927
9520
9607
8804
4851
5305
2052
8521
8791
4376
2478
6269
6401
4360
2126
497
6925
9580
967
4823
2745
4065
6947
4989
3425
7536
6707
8446
8306
4549
91
6547
8451
8555
5562
1616
8298
9784
7880
2449
4402
8220
3215
4256
3937
9621
1294
6534
383
8075
6368
7250
3540
9149
7093
38
7771
6478
3292
717
704
6322
6648
180
7548
9580
5254
9199
2543
9082
5724
7934
608
2843
2450
2869
9755
6762
8620
5482
9473
9181
265
64
1259
1752
3483
1125
3174
8380
5784
8687
3298
7740
8101
9265
6323
189
8657
4619
7973
1810
1028
3807
5315
8735
4467
3244
8749
8577
5136
459
6221
1771
2929
9029
4304
2496
5974
153
8470
2687
3533
7511
6342
5491
7811
7987
572
395
5241
537
7704
2730
3299
1061
5163
6307
9807
6867
9551
962
7087
9906
809
987
8090
7107
1763
2676
9306
266
8600
1629
7745
5112
8091
8211
7449
2070
784
8178
4593
323
5727
7094
496
8408
860
7445
3714
3583
5360
9034
4124
8266
6932
723
7274
4817
8190
6247
9982
1048
6283
3088
6170
9934
6194
1742
1134
4093
8235
689
1
1083
4620
5860
3799
7155
4145
7923
6137
7250
1225
5779
8639
9019
9532
5100
6200
5310
7231
7074
2670
2489
554
9009
2761
5834
6177
5858
469
4468
485
3395
8212
9125
6726
3984
8703
2019
9411
8067
6036
4466
8839
2460
1660
5650
8223
477
4979
5402
2014
2410
6623
2639
4797
4532
2776
8052
6993
5241
8461
9073
1226
8394
8612
2821
9589
7270
3463
4098
3704
7771
3151
7931
4668
3218
8654
1073
4422
4287
8375
5466
2378
3911
486
8263
1565
62
3576
5725
2957
3810
738
864
1497
2515
9809
9076
2287
5961
7139
8887
4287
678
8479
4909
4838
270
9082
7662
8074
6462
2499
5996
8379
6709
3835
5445
7238
4718
7452
3689
3609
7197
1731
7402
1013
9975
4310
7161
9088
3947
7555
4872
7551
5581
8857
1838
1632
7168
4670
1026
8827
2909
9190
6205
9925
6521
3184
9340
2544
7002
7491
8439
8017
7903
5793
1684
9949
7004
2534
7381
8342
3160
136
3380
1584
2473
3112
9297
5287
1594
6349
5479
7317
5592
1486
4017
1915
4758
4035
7523
2554
3927
6887
2396
8509
615
1519
4453
6719
7325
2000
8569
2140
9943
7806
5237
8839
8300
8734
3114
1013
1773
2914
9526
1363
4612
3609
879
8411
532
9176
8017
3475
954
4532
1363
4075
5639
746
6624
4455
3181
8418
6945
5166
919
4952
3586
3801
4211
6451
1712
2643
9645
4200
7283
2716
6941
9052
9702
6459
4708
4118
1683
3794
6166
4462
5728
2469
176
7031
5013
8003
7532
960
3192
323
8159
3104
2437
7574
5656
201
3647
3445
9497
3090
1869
1334
227
4385
8189
5711
4049
6389
6212
3014
5808
7995
8929
4559
72
4713
2472
1529
5152
876
2418
3779
7493
1540
2058
6880
2017
9045
5408
4881
3478
4260
7416
7522
1624
610
2880
6834
5616
394
5428
1914
7820
5324
6963
7877
7754
287
1030
5229
9117
6497
6156
8641
6737
7197
4021
1087
1738
8115
6649
3873
4262
7481
1686
4688
9020
80
8405
4006
9079
8294
4597
84
9111
7046
2649
5136
9304
2769
7908
267
2640
9863
5863
1541
3731
675
9823
9744
7275
3969
7363
9256
5433
4550
484
5577
9349
6898
1918
3199
4752
9165
2523
6810
3922
3940
3739
2945
5513
3100
3236
9005
1089
1981
1538
7053
7581
2093
8594
9752
1885
6030
3587
7121
2685
4651
9060
9889
2186
4362
8623
1535
9308
690
613
7175
8735
909
8280
178
6846
9834
4859
4872
8356
4112
1359
2665
4703
9218
7880
2450
5208
1399
5924
1857
7619
8804
3224
4734
7941
647
8365
5904
7442
2787
4431
7377
3412
6243
5382
3358
304
7902
7612
4555
3959
5078
9896
2459
306
8700
4859
9964
7327
9626
5746
3824
3101
1315
8108
3703
7760
3001
1877
2875
4103
8609
8082
1587
9403
1684
2803
1177
7069
8467
2834
6326
3842
7850
4908
5419
3858
3648
6150
9974
3715
2261
8484
315
3755
9148
8445
889
1101
5484
876
2448
7793
2144
8237
545
8739
6243
6621
2527
1366
7865
2559
2034
7298
6182
7777
3212
489
1034
7
1436
9481
6351
1610
5832
2518
543
2491
4082
4974
726
5051
2376
1675
2401
4892
75
4448
7767
8879
5771
2864
1055
5975
1921
1818
2408
4162
6653
2926
9550
7615
5792
6862
5625
7951
6362
7291
8723
7451
5883
5073
5257
6101
2005
4566
7551
5830
436
9664
9616
5541
2571
267
2616
8879
8517
6176
8239
335
2907
9748
1838
9704
3913
967
869
6535
786
7173
9501
2700
5004
1185
7666
2041
3792
9391
4056
2456
1647
6992
6988
4415
6295
1792
849
5462
1969
4686
8007
1081
8823
1552
6578
4865
8637
3599
8895
4770
6169
3201
2942
229
9859
1917
1762
3501
154
3893
8978
1157
8792
8459
6236
5342
8056
6783
1751
5637
4508
8572
2574
6654
9101
408
2800
9283
9367
4793
1173
7099
2101
5040
183
2281
4622
939
2054
4178
5668
6860
282
9883
9518
7655
8344
7113
8246
4292
9249
4852
9383
3593
8805
8751
9886
4342
7144
6139
8099
8295
3324
3470
1935
9261
1509
7615
9637
5925
7363
9715
6925
8599
8003
3660
9837
8139
207
2027
3649
7893
4765
5840
6987
7729
1888
8544
9080
3441
7757
2498
8987
2680
749
2332
4211
44
6222
7769
5331
6236
6504
8632
4202
6813
6053
5146
6834
2807
7345
6606
3817
8767
3360
30
3493
9515
7586
213
7170
8018
4352
4969
4687
6882
7183
3852
248
3377
5122
838
9050
9070
8479
1415
4890
7455
3835
3808
9300
2428
8389
9600
254
184
4630
1773
7603
3604
3768
7779
4334
7603
5559
7145
7300
4819
6276
7236
6704
9195
6267
1127
1835
3842
1975
2312
6138
4913
7066
8512
5907
4789
5618
6432
3977
3311
669
4600
9547
1263
6714
3980
6158
6681
3238
2219
946
9184
7184
8839
4051
5153
8852
8964
3192
5680
6495
5549
5988
1619
8042
533
5081
2536
7273
9105
1464
2791
4059
2876
7154
8961
5336
6037
9883
5905
5154
8326
9822
5574
8497
5137
7404
5501
8032
946
5755
1643
8717
3173
3353
5950
6285
4468
8847
9727
4539
9386
4197
1354
1325